     0.00500     96.12391     11.95925
     0.00600    100.10086      6.29713
     0.00700     95.44304      2.85775
     0.00800     92.91731      1.58000
     0.00900     91.46693      0.96269
     0.01000     89.37976      0.64376
     0.01100     88.37643      0.47673
     0.01200     87.28644      0.38365
     0.01300     86.66061      0.32598
     0.01400     85.31798      0.28093
     0.01500     84.47955      0.25758
     0.01600     83.10858      0.23584
     0.01700     81.77862      0.21981
     0.01800     80.63507      0.20784
     0.01900     79.65421      0.19495
     0.02000     78.35363      0.18626
     0.02100     77.08506      0.17841
     0.02200     75.91883      0.17351
     0.02300     74.24970      0.16476
     0.02400     73.44260      0.16064
     0.02500     71.97965      0.15978
     0.02600     70.54734      0.15563
     0.02700     69.19895      0.15147
     0.02800     67.69510      0.15025
     0.02900     66.36985      0.14807
     0.03000     65.10560      0.14717
     0.03100     64.04501      0.13937
     0.03200     62.83046      0.13244
     0.03300     61.24424      0.12874
     0.03400     60.09380      0.12624
     0.03500     58.62774      0.12050
     0.03600     57.70097      0.11746
     0.03700     56.38924      0.11108
     0.03800     54.98224      0.11049
     0.03900     53.70396      0.10998
     0.04000     52.55255      0.10585
     0.04100     51.22900      0.10402
     0.04200     50.21435      0.10282
     0.04300     48.97429      0.09963
     0.04400     47.79742      0.09609
     0.04500     46.70377      0.09507
     0.04600     45.51048      0.09421
     0.04700     44.47210      0.09082
     0.04800     43.52228      0.09276
     0.04900     42.33521      0.09155
     0.05000     41.22700      0.09104
     0.05200     39.46589      0.06316
     0.05400     37.49856      0.06034
     0.05600     35.71349      0.05678
     0.05800     33.92918      0.05411
     0.06000     32.24902      0.05192
     0.06200     30.59938      0.05010
     0.06400     29.09383      0.04822
     0.06600     27.69845      0.04659
     0.06800     26.28779      0.04482
     0.07000     24.96670      0.04386
     0.07200     23.69906      0.04277
     0.07400     22.57128      0.04092
     0.07600     21.41431      0.04027
     0.07800     20.42316      0.04043
     0.08000     19.44607      0.03944
     0.08200     18.53222      0.03864
     0.08400     17.63229      0.03793
     0.08600     16.84342      0.03735
     0.08800     16.06963      0.03686
     0.09000     15.31736      0.03560
     0.09200     14.64921      0.03502
     0.09400     13.99377      0.03437
     0.09600     13.41779      0.03397
     0.09800     12.74247      0.03340
     0.10000     12.26279      0.03265
     0.10500     11.03327      0.02202
     0.11000     10.02156      0.02131
     0.11500      9.07542      0.01973
     0.12000      8.23735      0.01889
     0.12500      7.51556      0.01843
     0.13000      6.88416      0.01862
     0.13500      6.33389      0.01765
     0.14000      5.79763      0.01684
     0.14500      5.31467      0.01616
     0.15000      4.85620      0.01549
     0.15500      4.46828      0.01504
     0.16000      4.10138      0.01471
     0.16500      3.74401      0.01427
     0.17000      3.42625      0.01402
     0.17500      3.14346      0.01371
     0.18000      2.87045      0.01353
     0.18500      2.63485      0.01391
     0.19000      2.40141      0.01409
     0.19500      2.20640      0.01397
     0.20000      2.03788      0.01388
     0.20500      1.85934      0.01459
     0.21000      1.71008      0.01519
     0.21500      1.57396      0.01530
     0.22000      1.44374      0.01529
     0.22500      1.33283      0.01539
     0.23000      1.23009      0.01540
     0.23500      1.12363      0.01540
     0.24000      0.97878      0.02759
     0.24500      0.90361      0.02681
     0.25000      0.84140      0.02604
     0.25500      0.77444      0.02406
     0.26000      0.71995      0.02475
     0.26500      0.69239      0.02305
     0.27000      0.64732      0.02212
     0.27500      0.61485      0.02322
     0.28000      0.57523      0.02210
     0.28500      0.54113      0.02168
     0.29000      0.52389      0.02258
     0.29500      0.50289      0.02367
     0.30000      0.48671      0.02429
     0.30500      0.46254      0.02515
     0.31000      0.43569      0.02594
     0.31500      0.44225      0.02721
     0.32000      0.42927      0.02890
     0.32500      0.43464      0.03093
     0.33000      0.39873      0.03424
     0.33500      0.41569      0.03999
     0.34000      0.37655      0.01195
     0.34500      0.36947      0.01203
     0.35000      0.36316      0.01161
     0.35500      0.35158      0.01143
     0.36000      0.35226      0.01153
     0.36500      0.35015      0.01067
     0.37000      0.35026      0.01067
     0.37500      0.34373      0.01079
     0.38000      0.33821      0.01084
     0.38500      0.32746      0.01047
     0.39000      0.32860      0.01062
     0.39500      0.33660      0.01013
     0.40000      0.32516      0.01067
     0.40500      0.33496      0.01000
     0.41000      0.32777      0.00984
     0.41500      0.32788      0.00998
     0.42000      0.32379      0.00987
     0.42500      0.32519      0.00978
     0.43000      0.32169      0.00992
     0.43500      0.32186      0.01010
     0.44000      0.32364      0.00958
     0.44500      0.32717      0.00977
     0.45000      0.32883      0.00926
     0.45500      0.31459      0.00992
     0.46000      0.30953      0.00968
     0.46500      0.30979      0.00949
     0.47000      0.31183      0.00930
     0.47500      0.30552      0.00940
     0.48000      0.29758      0.00906
     0.48500      0.30102      0.00915
     0.49000      0.29084      0.00927
     0.49500      0.28106      0.00890
     0.50000      0.27908      0.00932
     0.51000      0.26461      0.00628
     0.52000      0.25523      0.00620
     0.53000      0.24385      0.00607
     0.54000      0.22734      0.00593
     0.55000      0.21290      0.00594
     0.56000      0.20481      0.00586
     0.57000      0.19077      0.00584
     0.58000      0.17277      0.00575
     0.59000      0.16953      0.00580
     0.60000      0.15159      0.00565
     0.61000      0.14840      0.00551
     0.62000      0.14337      0.00557
     0.63000      0.14425      0.00555
     0.64000      0.13775      0.00536
     0.65000      0.13916      0.00498
     0.66000      0.14000      0.00485
     0.67000      0.13931      0.00472
     0.68000      0.13943      0.00458
     0.69000      0.13652      0.00452
     0.70000      0.14257      0.00443
     0.71000      0.14381      0.00441
     0.72000      0.14804      0.00437
     0.73000      0.14613      0.00426
     0.74000      0.14456      0.00419
     0.75000      0.14709      0.00417
     0.76000      0.14850      0.00412
     0.77000      0.14543      0.00411
     0.78000      0.14719      0.00403
     0.79000      0.14628      0.00401
     0.80000      0.14325      0.00400
     0.81000      0.14549      0.00396
     0.82000      0.13774      0.00396
     0.83000      0.13945      0.00387
     0.84000      0.13569      0.00391
     0.85000      0.12836      0.00387
     0.86000      0.12475      0.00381
     0.87000      0.12554      0.00380
     0.88000      0.12666      0.00381
     0.89000      0.12474      0.00377
     0.90000      0.12146      0.00378
     0.91000      0.12142      0.00373
     0.92000      0.11957      0.00373
     0.93000      0.11473      0.00372
     0.94000      0.11537      0.00387
     0.95000      0.11630      0.00396
     0.96000      0.11852      0.00402
     0.97000      0.11300      0.00406
     0.98000      0.12087      0.00413
     0.99000      0.11627      0.00416
     1.00000      0.11956      0.00425
     1.03000      0.12809      0.00239
     1.06000      0.13759      0.00235
     1.09000      0.14195      0.00237
     1.12000      0.14751      0.00239
     1.15000      0.15291      0.00239
     1.18000      0.15361      0.00241
     1.21000      0.15436      0.00241
     1.24000      0.15579      0.00247
     1.27000      0.15308      0.01081
     1.30000      0.15760      0.00261
     1.33000      0.15971      0.00282
     1.36000      0.15862      0.00308
     1.39000      0.16510      0.00364
     1.42000      0.16394      0.00341
     1.45000      0.16188      0.00337
     1.48000      0.16156      0.00366
     1.51000      0.15882      0.00356
     1.54000      0.15742      0.00375
     1.57000      0.15698      0.00391
     1.60000      0.15912      0.00406
     1.63000      0.15759      0.00428
     1.66000      0.14804      0.00447
     1.69000      0.14503      0.00473
     1.72000      0.13952      0.00529
     1.75000      0.12977      0.00559
     1.78000      0.12785      0.00569
     1.81000      0.11954      0.00593
     1.84000      0.11303      0.01184
     1.87000      0.11515      0.00611
     1.90000      0.10771      0.00613
     1.93000      0.10523      0.00616
     1.96000      0.09281      0.00615
     1.99000      0.08078      0.00609
     2.02000      0.06591      0.00617
     2.05000      0.06159      0.00611
     2.08000      0.04363      0.00682
     2.11000      0.03737      0.00679
     2.14000      0.02739      0.00687
     2.17000      0.02264      0.00676
     2.20000      0.01648      0.00668
     2.23000      0.01205      0.00665
     2.26000      0.01462      0.00648
     2.29000      0.01663      0.00640
     2.32000      0.00846      0.00681
     2.35000      0.01201      0.00618
     2.38000      0.01844      0.00627
     2.41000      0.01247      0.00637
     2.44000      0.01874      0.00629
     2.47000      0.01502      0.00607
     2.50000      0.02062      0.00598
     2.53000      0.01940      0.00586
     2.56000      0.02129      0.00589
     2.59000      0.01803      0.00586
     2.62000      0.01842      0.00586
     2.65000      0.01870      0.00571
     2.68000      0.02643      0.00569
     2.71000      0.02237      0.00561
     2.74000      0.02595      0.00571
     2.77000      0.02461      0.00572
     2.80000      0.02714      0.00591
     2.83000      0.02952      0.00655
     2.86000      0.02967      0.00718
     2.89000      0.03570      0.00719
     2.92000      0.03274      0.00737
     2.95000      0.03364      0.00764
     2.98000      0.04162      0.00792
     3.01000      0.04136      0.00826
     3.04000      0.04661      0.00866
     3.07000      0.04912      0.00901
     3.10000      0.04391      0.00937
     3.13000      0.04699      0.00999
     3.16000      0.04910      0.01093
     3.19000      0.04074      0.01200